0 0.566225 0.222574 0.034542 0.084902
0 0.435768 0.321127 0.034542 0.097843
0 0.408431 0.335527 0.033562 0.103603
0 0.264551 0.301716 0.031650 0.099265
0 0.224265 0.290196 0.035490 0.102157
0 0.142729 0.220417 0.029739 0.106471
0 0.114910 0.214669 0.027827 0.094975
0 0.099077 0.434816 0.034526 0.103603
0 0.052557 0.472941 0.029722 0.102157
0 0.005899 0.459988 0.011797 0.110809
0 0.256397 0.448480 0.034526 0.119412
0 0.288529 0.437684 0.029739 0.103603
0 0.183007 0.049191 0.029739 0.080588
0 0.203154 0.044154 0.029739 0.079142
0 0.255915 0.070784 0.025915 0.089216
0 0.278930 0.070772 0.025899 0.092083
0 0.299077 0.146311 0.031650 0.076250
0 0.354232 0.108909 0.044118 0.084877
0 0.319706 0.024007 0.038366 0.047475
0 0.362394 0.024007 0.033578 0.047475
0 0.621389 0.023162 0.029739 0.046324
0 0.321618 0.123297 0.032614 0.079142
0 0.810833 0.883002 0.049869 0.116544
0 0.845359 0.945600 0.044118 0.106495
0 0.501961 0.804596 0.046046 0.115123
0 0.443922 0.918983 0.043170 0.105025
0 0.398840 0.942721 0.048922 0.100735
0 0.472222 0.974240 0.030686 0.051520
0 0.206029 0.687328 0.043170 0.122304
0 0.168145 0.706752 0.044134 0.120858
0 0.307712 0.547047 0.027810 0.120858
0 0.336969 0.612500 0.038382 0.102157
0 0.474616 0.692353 0.047010 0.097843
0 0.487565 0.606752 0.040294 0.119436
0 0.526895 0.611066 0.032614 0.110809
0 0.630972 0.560711 0.050833 0.105049
0 0.737925 0.585172 0.038366 0.105049
0 0.644404 0.453505 0.033578 0.106471
0 0.670302 0.452794 0.033578 0.116569
0 0.819943 0.453517 0.029722 0.112230
0 0.851593 0.444877 0.033578 0.117990
0 0.954714 0.348480 0.028775 0.126618
0 0.971985 0.364301 0.023023 0.112230
0 0.990310 0.341287 0.019379 0.112230
0 0.765752 0.182279 0.046046 0.102157
0 0.831928 0.169338 0.051797 0.110784
0 0.730735 0.288039 0.037418 0.097843
0 0.826176 0.352794 0.040294 0.100735
0 0.772941 0.361434 0.033562 0.100711
0 0.583015 0.357120 0.033578 0.112230
0 0.551356 0.357120 0.037418 0.092083
0 0.533611 0.223297 0.032614 0.115123
