0 0.500554 0.826208 0.047615 0.077835
0 0.464577 0.694550 0.047615 0.090795
0 0.287873 0.778724 0.056085 0.092238
0 0.196346 0.687359 0.057138 0.082165
0 0.205342 0.574404 0.049731 0.083598
0 0.160369 0.562249 0.061369 0.082008
0 0.132862 0.878797 0.084646 0.064749
0 0.077838 0.298154 0.048677 0.086475
0 0.146085 0.202469 0.041262 0.082155
0 0.118046 0.168002 0.046554 0.084895
0 0.287873 0.075199 0.043377 0.092092
0 0.159838 0.067286 0.028569 0.084885
0 0.138150 0.065131 0.031746 0.074822
0 0.382573 0.112610 0.038085 0.066182
0 0.442885 0.103975 0.038092 0.083452
0 0.410612 0.064409 0.026454 0.073379
0 0.348185 0.016015 0.034923 0.032029
0 0.448704 0.207573 0.030685 0.074812
0 0.450292 0.336355 0.038092 0.087772
0 0.395800 0.399660 0.039154 0.084885
0 0.351358 0.369446 0.041269 0.090649
0 0.613769 0.301820 0.032800 0.102155
0 0.556104 0.323405 0.027515 0.099278
0 0.531235 0.325560 0.026454 0.069069
0 0.520127 0.436349 0.031746 0.077699
0 0.481504 0.434195 0.026454 0.064749
0 0.465635 0.503258 0.034915 0.076266
0 0.501081 0.515418 0.040208 0.089351
0 0.662973 0.499660 0.035977 0.086328
0 0.695773 0.544189 0.031746 0.086475
0 0.990200 0.660811 0.019600 0.080575
0 0.811635 0.850737 0.045500 0.080575
0 0.857662 0.873760 0.048677 0.054676
0 0.913215 0.883834 0.056077 0.040282
0 0.753969 0.888865 0.055015 0.035973
0 0.937019 0.144189 0.040208 0.106621
0 0.975112 0.156423 0.029623 0.108054
0 0.648688 0.193907 0.026454 0.093525
0 0.623292 0.196783 0.020108 0.082019
0 0.587846 0.191747 0.019046 0.063305
0 0.562981 0.177359 0.030685 0.092082
0 0.660312 0.359372 0.015838 0.090649
0 0.682546 0.360016 0.026446 0.080722
0 0.670908 0.095988 0.020108 0.067772
0 0.698419 0.084477 0.015869 0.070649
0 0.715877 0.080235 0.016923 0.067626
0 0.655565 0.052897 0.021162 0.073389
0 0.676727 0.049304 0.021162 0.054676
0 0.544992 0.017573 0.034923 0.031799
0 0.622762 0.021773 0.019046 0.043546
0 0.743915 0.019613 0.022215 0.039226
0 0.807388 0.027526 0.026423 0.055052
0 0.823804 0.023211 0.019038 0.046423
